14,1,1.06,0.000001
0
1,1,2,0.01938,0.05917,0.02640
2,1,5,0.05403,0.22304,0.02460
3,2,3,0.04699,0.19797,0.02190
4,2,4,0.05811,0.17632,0.01870
5,2,5,0.05695,0.17388,0.01700
6,3,4,0.06701,0.17103,0.01730
7,4,5,0.01335,0.04211,0.00640
8,6,11,0.09498,0.19890,0.00000
9,6,12,0.12291,0.15581,0.00000
10,6,13,0.06615,0.13027,0.00000
11,7,8,0.00000,0.17615,0.00000
12,7,9,0.00000,0.11001,0.00000
13,9,10,0.03181,0.08450,0.00000
14,9,14,0.12711,0.27038,0.00000
15,10,11,0.08205,0.19207,0.00000
16,12,13,0.22092,0.19988,0.00000
17,13,14,0.17038,0.34802,0.00000
0
1,4,7,0.00000,0.20912,0.978
2,4,9,0.00000,0.55618,0.969
3,5,6,0.00000,0.25202,0.932
0
1,9,0.00000,0.19000
0
1,1,2.323859,-0.168888,0.000000,0.000000
2,2,0.400000,0.423965,0.217000,0.127000
3,3,0.000000,0.233936,0.942000,0.190000
4,4,0.000000,0.000000,0.478000,-0.039000
5,5,0.000000,0.000000,0.076000,0.016000
6,6,0.000000,0.122404,0.112000,0.075000
7,8,0.000000,0.173566,0.000000,0.000000
8,9,0.000000,0.000000,0.295000,0.166000
9,10,0.000000,0.000000,0.090000,0.058000
10,11,0.000000,0.000000,0.035000,0.018000
11,12,0.000000,0.000000,0.061000,0.016000
12,13,0.000000,0.000000,0.135000,0.058000
13,14,0.000000,0.000000,0.149000,0.050000
0
1,1,1.060,-0.40,0.50
2,2,1.045,-0.40,0.50
3,3,1.010,0,0.40
4,6,1.070,-0.30,0.40
5,8,1.090,-0.30,0.45
0
0
0