30,1,1.06,1.e-5 
0
1,1,2,0.0192,0.0575,0.0264  
2,1,3,0.0452,0.1652,0.0204  
3,2,4,0.0570,0.1737,0.0184
4,3,4,0.0132,0.0379,0.0042 
5,2,5,0.0472,0.1983,0.0209  
6,2,6,0.0581,0.1763,0.0187 
7,4,6,0.0119,0.0414,0.0045 
8,5,7,0.0460,0.1160,0.0102 
9,6,7,0.0267,0.0820,0.0085
10,6,8,0.0120,0.0420,0.0045 
13,9,11,0.0,0.2080,0  
15,12,13,0.0,0.1400,0  
16,12,14,0.1231,0.2559,0  
17,12,15,0.0662,0.1304,0 
18,12,16,0.0945,0.1987,0  
19,14,15,0.2210,0.1997,0 
20,16,17,0.0524,0.1923,0
21,15,18,0.1073,0.2185,0
22,18,19,0.0639,0.1292,0
23,19,20,0.0340,0.0680,0 
24,10,20,0.0936,0.2090,0  
25,10,17,0.0324,0.0845,0 
26,10,21,0.0348,0.0749,0
27,10,22,0.0727,0.1499,0  
28,21,22,0.0116,0.0236,0  
29,15,23,0.1000,0.2020,0
30,22,24,0.1150,0.1790,0 
31,23,24,0.1320,0.2700,0  
32,24,25,0.1885,0.3292,0
33,25,26,0.2544,0.3800,0  
34,25,27,0.1093,0.2087,0 
36,27,29,0.2198,0.4153,0
37,27,30,0.3202,0.6027,0
38,29,30,0.2399,0.4533,0
39,8,28,0.0636,0.2000,0.0214 
40,6,28,0.0169,0.0599,0.0065
41,9,10,0,0.1100,0
0
1,6,9,0,0.2080,0.978
2,6,10,0,0.5560,0.969
3,4,12,0,0.2560,0.932
4,28,27,0,0.3960,0.968
0
1,10,0,0.19 
2,24,0,0.043
0
1,1,0.20,0,0,0
2,2,0.20,0.50,0.217,0.127
3,3,0,0,0.024,0.012
4,4,0,0,0.076,0.016
5,5,0.15,0.37,0.942,0.19
6,6,0,0,0,0.
7,7,0,0,0.228,0.109
8,8,0.18,0.373,0.30,0.30
9,9,0,0,0,0
10,10,0,0,0.058,0.02
11,11,0.20,0.162,0,0
12,12,0,0,0.112,0.075
13,13,0.20,0.106,0,0
14,14,0,0,0.062,0.016
15,15,0,0,0.082,0.025
16,16,0,0,0.035,0.018
17,17,0,0,0.09,0.058
18,18,0,0,0.032,0.009
19,19,0,0,0.095,0.034
20,20,0,0,0.022,0.007
21,21,0,0,0.175,0.112
22,22,0,0,0,0
23,23,0,0,0.032,0.016
24,24,0,0,0.087,0.067
25,25,0,0,0,0
26,26,0,0,0.035,0.023
27,27,0,0,0,0
28,28,0,0,0,0
29,29,0,0,0.024,0.009
30,30,0,0,0.106,0.019
0
1,1,1.060,-0.50,0.50
2,2,1.043,-0.40,0.60
3,5,1.010,-0.40,0.40
4,8,1.010,-0.10,0.40
5,11,1.082,-0.06,0.24
6,13,1.071,-0.06,0.24
0
 

